GLCM Matrix
===========

(0,1): 0.000153046
(1,0): 0.000153046
(1,2): 0.000357106
(2,1): 0.000357106
(2,3): 0.000561167
(3,2): 0.000561167
(3,4): 0.000765228
(4,3): 0.000765228
(4,5): 0.000969289
(5,4): 0.000969289
(5,6): 0.00117335
(6,5): 0.00117335
(6,7): 0.00137741
(7,6): 0.00137741
(7,8): 0.00158147
(8,7): 0.00158147
(8,9): 0.00178553
(9,8): 0.00178553
(9,10): 0.00198959
(10,9): 0.00198959
(10,11): 0.00219365
(11,10): 0.00219365
(11,12): 0.00239771
(12,11): 0.00239771
(12,13): 0.00260178
(13,12): 0.00260178
(13,14): 0.00280584
(14,13): 0.00280584
(14,15): 0.0030099
(15,14): 0.0030099
(15,16): 0.00321396
(16,15): 0.00321396
(16,17): 0.00341802
(17,16): 0.00341802
(17,18): 0.00362208
(18,17): 0.00362208
(18,19): 0.00382614
(19,18): 0.00382614
(19,20): 0.0040302
(20,19): 0.0040302
(20,21): 0.00423426
(21,20): 0.00423426
(21,22): 0.00443832
(22,21): 0.00443832
(22,23): 0.00464238
(23,22): 0.00464238
(23,24): 0.00484644
(24,23): 0.00484644
(24,25): 0.00505051
(25,24): 0.00505051
(25,26): 0.00525457
(26,25): 0.00525457
(26,27): 0.00545863
(27,26): 0.00545863
(27,28): 0.00566269
(28,27): 0.00566269
(28,29): 0.00586675
(29,28): 0.00586675
(29,30): 0.00607081
(30,29): 0.00607081
(30,31): 0.00627487
(31,30): 0.00627487
(31,32): 0.00647893
(32,31): 0.00647893
(32,33): 0.00668299
(33,32): 0.00668299
(33,34): 0.00688705
(34,33): 0.00688705
(34,35): 0.00709111
(35,34): 0.00709111
(35,36): 0.00729517
(36,35): 0.00729517
(36,37): 0.00749923
(37,36): 0.00749923
(37,38): 0.0077033
(38,37): 0.0077033
(38,39): 0.00790736
(39,38): 0.00790736
(39,40): 0.00811142
(40,39): 0.00811142
(40,41): 0.00831548
(41,40): 0.00831548
(41,42): 0.00851954
(42,41): 0.00851954
(42,43): 0.0087236
(43,42): 0.0087236
(43,44): 0.00892766
(44,43): 0.00892766
(44,45): 0.00913172
(45,44): 0.00913172
(45,46): 0.00933578
(46,45): 0.00933578
(46,47): 0.00953984
(47,46): 0.00953984
(47,48): 0.0097439
(48,47): 0.0097439
(48,49): 0.00994796
(49,48): 0.00994796
(49,50): 0.01005
(50,49): 0.01005
(50,51): 0.00984593
(51,50): 0.00984593
(51,52): 0.00964187
(52,51): 0.00964187
(52,53): 0.00943781
(53,52): 0.00943781
(53,54): 0.00923375
(54,53): 0.00923375
(54,55): 0.00902969
(55,54): 0.00902969
(55,56): 0.00882563
(56,55): 0.00882563
(56,57): 0.00862157
(57,56): 0.00862157
(57,58): 0.00841751
(58,57): 0.00841751
(58,59): 0.00821345
(59,58): 0.00821345
(59,60): 0.00800939
(60,59): 0.00800939
(60,61): 0.00780533
(61,60): 0.00780533
(61,62): 0.00760127
(62,61): 0.00760127
(62,63): 0.0073972
(63,62): 0.0073972
(63,64): 0.00719314
(64,63): 0.00719314
(64,65): 0.00698908
(65,64): 0.00698908
(65,66): 0.00678502
(66,65): 0.00678502
(66,67): 0.00658096
(67,66): 0.00658096
(67,68): 0.0063769
(68,67): 0.0063769
(68,69): 0.00617284
(69,68): 0.00617284
(69,70): 0.00596878
(70,69): 0.00596878
(70,71): 0.00576472
(71,70): 0.00576472
(71,72): 0.00556066
(72,71): 0.00556066
(72,73): 0.0053566
(73,72): 0.0053566
(73,74): 0.00515254
(74,73): 0.00515254
(74,75): 0.00494847
(75,74): 0.00494847
(75,76): 0.00474441
(76,75): 0.00474441
(76,77): 0.00454035
(77,76): 0.00454035
(77,78): 0.00433629
(78,77): 0.00433629
(78,79): 0.00413223
(79,78): 0.00413223
(79,80): 0.00392817
(80,79): 0.00392817
(80,81): 0.00372411
(81,80): 0.00372411
(81,82): 0.00352005
(82,81): 0.00352005
(82,83): 0.00331599
(83,82): 0.00331599
(83,84): 0.00311193
(84,83): 0.00311193
(84,85): 0.00290787
(85,84): 0.00290787
(85,86): 0.00270381
(86,85): 0.00270381
(86,87): 0.00249974
(87,86): 0.00249974
(87,88): 0.00229568
(88,87): 0.00229568
(88,89): 0.00209162
(89,88): 0.00209162
(89,90): 0.00188756
(90,89): 0.00188756
(90,91): 0.0016835
(91,90): 0.0016835
(91,92): 0.00147944
(92,91): 0.00147944
(92,93): 0.00127538
(93,92): 0.00127538
(93,94): 0.00107132
(94,93): 0.00107132
(94,95): 0.000867258
(95,94): 0.000867258
(95,96): 0.000663198
(96,95): 0.000663198
(96,97): 0.000459137
(97,96): 0.000459137
(97,98): 0.000255076
(98,97): 0.000255076
(98,99): 5.10152e-05
(99,98): 5.10152e-05

Total non-zero elements: 198
